"","V1","V2","V3","V4","V5","V6","V7","V8","V9","V10","V11","V12","V13","V14","V15","V16","V17","V18","V19","ID"
"1",0.0839978734715577,0.109250398724083,0.0890483785220627,0.018341307814992,0.0334928229665072,0.0385433280170122,0.0334928229665072,0.018341307814992,0.0284423179160021,0.0435938330675173,0.104199893673578,0.0738968633705476,0.0385433280170122,0.0233918128654971,0.0233918128654971,0.018341307814992,0.0435938330675173,0.018341307814992,0.159755449229133,"2074"
"2",0.0217485863418878,0.0382775119617225,0.0217485863418878,0.0630709003914746,0.0300130491518051,0.418442801217921,0.0382775119617225,0.0465419747716398,0.0300130491518051,0.0217485863418878,0.0217485863418878,0.0217485863418878,0.0217485863418878,0.0300130491518051,0.0382775119617225,0.0548064375815572,0.0382775119617225,0.0217485863418878,0.0217485863418878,"4644"
"3",0.0205592105263158,0.0908717105263158,0.0596217105263158,0.0361842105263158,0.0439967105263158,0.0596217105263158,0.0283717105263158,0.0908717105263158,0.0205592105263158,0.0205592105263158,0.0908717105263158,0.0596217105263158,0.0205592105263158,0.0205592105263158,0.0518092105263158,0.0439967105263158,0.0908717105263158,0.0518092105263158,0.0986842105263158,"1899"
"4",0.0460526315789474,0.025219298245614,0.0182748538011696,0.0529970760233918,0.0738304093567251,0.0391081871345029,0.0946637426900585,0.0321637426900585,0.0599415204678363,0.0529970760233918,0.0321637426900585,0.0321637426900585,0.087719298245614,0.0599415204678363,0.0182748538011696,0.0391081871345029,0.0738304093567251,0.087719298245614,0.0738304093567251,"2119"
"5",0.0814299900695134,0.0342601787487587,0.0531281032770606,0.0342601787487587,0.0248262164846077,0.0814299900695134,0.0719960278053625,0.0719960278053625,0.100297914597815,0.0436941410129096,0.0436941410129096,0.0719960278053625,0.0248262164846077,0.0436941410129096,0.0531281032770606,0.0248262164846077,0.0531281032770606,0.0342601787487587,0.0531281032770606,"2120"
"6",0.112550607287449,0.0356275303643725,0.0663967611336032,0.0510121457489879,0.0433198380566802,0.0587044534412955,0.0587044534412955,0.0202429149797571,0.0663967611336032,0.0202429149797571,0.0356275303643725,0.0356275303643725,0.0740890688259109,0.0356275303643725,0.097165991902834,0.0433198380566802,0.0510121457489879,0.0356275303643725,0.0587044534412955,"2121"
"7",0.0634674922600619,0.0193498452012384,0.0193498452012384,0.026702786377709,0.0414086687306502,0.0928792569659443,0.144349845201238,0.026702786377709,0.0414086687306502,0.0414086687306502,0.026702786377709,0.0708204334365325,0.0634674922600619,0.0487616099071207,0.0928792569659443,0.0193498452012384,0.0634674922600619,0.026702786377709,0.0708204334365325,"2122"
"8",0.0445344129554656,0.0253036437246964,0.0253036437246964,0.0253036437246964,0.0541497975708502,0.140688259109312,0.0541497975708502,0.034919028340081,0.034919028340081,0.0926113360323887,0.0253036437246964,0.0445344129554656,0.0637651821862348,0.0253036437246964,0.034919028340081,0.0253036437246964,0.0829959514170041,0.0926113360323887,0.0733805668016194,"2123"
"9",0.102695763799743,0.143346170303808,0.0295250320924262,0.0539152759948652,0.0213949507916132,0.0295250320924262,0.0539152759948652,0.0295250320924262,0.0701754385964912,0.0295250320924262,0.0213949507916132,0.0213949507916132,0.0620453572956782,0.0539152759948652,0.0620453572956782,0.0376551133932392,0.0620453572956782,0.0295250320924262,0.0864356011981172,"2124"
"10",0.0454076367389061,0.0454076367389061,0.0257997936016512,0.0454076367389061,0.065015479876161,0.0454076367389061,0.0846233230134159,0.0454076367389061,0.0257997936016512,0.0748194014447884,0.0356037151702786,0.065015479876161,0.0356037151702786,0.0748194014447884,0.0356037151702786,0.104231166150671,0.0454076367389061,0.0257997936016512,0.0748194014447884,"2125"
"11",0.034919028340081,0.0829959514170041,0.034919028340081,0.0445344129554656,0.0253036437246964,0.0541497975708502,0.0445344129554656,0.0733805668016194,0.034919028340081,0.0445344129554656,0.034919028340081,0.0541497975708502,0.0445344129554656,0.0541497975708502,0.131072874493927,0.0445344129554656,0.0445344129554656,0.0637651821862348,0.0541497975708502,"2126"
"12",0.0204784688995215,0.0313875598086124,0.0350239234449761,0.0168421052631579,0.00956937799043062,0.0168421052631579,0.0241148325358852,0.0604784688995215,0.0277511961722488,0.0313875598086124,0.0713875598086124,0.0313875598086124,0.0168421052631579,0.0313875598086124,0.0532057416267943,0.35866028708134,0.0132057416267943,0.0168421052631579,0.133205741626794,"2127"
"13",0.0471085120207927,0.0409356725146199,0.0285899935022742,0.0224171539961014,0.0285899935022742,0.102664067576348,0.0903183885640026,0.034762833008447,0.0162443144899285,0.0224171539961014,0.0409356725146199,0.0285899935022742,0.0285899935022742,0.0717998700454841,0.0285899935022742,0.0409356725146199,0.0285899935022742,0.226120857699805,0.0717998700454841,"2128"
"14",0.0215703192407248,0.177308024158758,0.087144089732528,0.0379637618636756,0.0379637618636756,0.0215703192407248,0.0379637618636756,0.0789473684210526,0.0379637618636756,0.0215703192407248,0.046160483175151,0.0789473684210526,0.046160483175151,0.0215703192407248,0.0215703192407248,0.0379637618636756,0.0543572044866264,0.0297670405522002,0.103537532355479,"2129"
"15",0.0463157894736842,0.0463157894736842,0.0363157894736842,0.0463157894736842,0.0263157894736842,0.0363157894736842,0.0763157894736842,0.0863157894736842,0.0463157894736842,0.0363157894736842,0.0363157894736842,0.0363157894736842,0.0263157894736842,0.106315789473684,0.0663157894736842,0.0363157894736842,0.0663157894736842,0.116315789473684,0.0263157894736842,"4791"
"16",0.0658899156287666,0.0353555644837284,0.0277219766974689,0.042989152269988,0.0353555644837284,0.0353555644837284,0.042989152269988,0.0277219766974689,0.302531137002812,0.0277219766974689,0.0277219766974689,0.0735235034150261,0.0506227400562475,0.0353555644837284,0.0200883889112093,0.0353555644837284,0.0353555644837284,0.0200883889112093,0.058256327842507,"2130"
"17",0.0386338185890258,0.0386338185890258,0.0599104143337066,0.0279955207166853,0.0492721164613662,0.0386338185890258,0.0492721164613662,0.0386338185890258,0.0811870100783875,0.0918253079507279,0.0492721164613662,0.0811870100783875,0.0918253079507279,0.0279955207166853,0.0386338185890258,0.0492721164613662,0.0492721164613662,0.0279955207166853,0.070548712206047,"4594"
"18",0.0177809388335704,0.0718349928876245,0.0312944523470839,0.0312944523470839,0.0448079658605974,0.112375533428165,0.0515647226173542,0.0515647226173542,0.0245376955903272,0.0312944523470839,0.0718349928876245,0.058321479374111,0.112375533428165,0.0312944523470839,0.0718349928876245,0.0312944523470839,0.085348506401138,0.0515647226173542,0.0177809388335704,"4606"
"19",0.0698060941828255,0.0382271468144044,0.0487534626038781,0.0487534626038781,0.0277008310249308,0.0277008310249308,0.0698060941828255,0.0487534626038781,0.101385041551247,0.0487534626038781,0.0382271468144044,0.0277008310249308,0.0382271468144044,0.0487534626038781,0.0382271468144044,0.0803324099722992,0.0803324099722992,0.0382271468144044,0.0803324099722992,"4683"
"20",0.0328480776409108,0.0257558790593505,0.0683090705487122,0.160507652108996,0.0257558790593505,0.0541246733855916,0.110862262038074,0.0399402762224711,0.0470324748040314,0.0541246733855916,0.0257558790593505,0.0541246733855916,0.0470324748040314,0.0328480776409108,0.0612168719671519,0.0328480776409108,0.0328480776409108,0.0470324748040314,0.0470324748040314,"4686"
"21",0.058718224131758,0.0247046186895811,0.0519155030433226,0.058718224131758,0.0247046186895811,0.181167203723595,0.0723236663086287,0.0383100608664518,0.0315073397780165,0.0451127819548872,0.0519155030433226,0.140350877192982,0.0315073397780165,0.0315073397780165,0.0383100608664518,0.0315073397780165,0.0315073397780165,0.0247046186895811,0.0315073397780165,"4693"
"22",0.037593984962406,0.0518796992481203,0.0518796992481203,0.0518796992481203,0.037593984962406,0.0661654135338346,0.0804511278195489,0.0518796992481203,0.0518796992481203,0.037593984962406,0.037593984962406,0.0518796992481203,0.0661654135338346,0.037593984962406,0.0518796992481203,0.037593984962406,0.0661654135338346,0.037593984962406,0.0947368421052632,"4783"
"23",0.0572755417956656,0.0446704997788589,0.0488721804511278,0.0488721804511278,0.0614772224679345,0.0488721804511278,0.0278637770897833,0.103494029190624,0.0278637770897833,0.258956214064573,0.0362671384343211,0.0320654577620522,0.0320654577620522,0.0278637770897833,0.0152587350729766,0.0152587350729766,0.0320654577620522,0.0446704997788589,0.0362671384343211,"4785"
"24",0.0565302144249513,0.0417153996101365,0.0269005847953216,0.115789473684211,0.130604288499025,0.0194931773879142,0.0269005847953216,0.0565302144249513,0.0935672514619883,0.0639376218323587,0.0194931773879142,0.0787524366471735,0.0417153996101365,0.0269005847953216,0.0194931773879142,0.034307992202729,0.0417153996101365,0.0565302144249513,0.0491228070175439,"4790"
"25",0.03813882532418,0.03813882532418,0.03813882532418,0.0816170861937452,0.03813882532418,0.03813882532418,0.03813882532418,0.0671243325705568,0.0671243325705568,0.0526315789473684,0.03813882532418,0.0526315789473684,0.0526315789473684,0.03813882532418,0.0671243325705568,0.03813882532418,0.0671243325705568,0.0526315789473684,0.0961098398169336,"4810"
"26",0.0697940503432494,0.120518688024409,0.0697940503432494,0.0408085430968726,0.0697940503432494,0.0408085430968726,0.0263157894736842,0.0263157894736842,0.055301296720061,0.120518688024409,0.0263157894736842,0.01906941266209,0.01906941266209,0.0480549199084668,0.0697940503432494,0.055301296720061,0.055301296720061,0.0263157894736842,0.0408085430968726,"4818"
"27",0.0393816709606183,0.0743467059256533,0.0463746779536253,0.0184026499815974,0.0323886639676113,0.0673536989326463,0.0673536989326463,0.0253956569746043,0.0393816709606183,0.123297754876702,0.102318733897681,0.0743467059256533,0.0393816709606183,0.0393816709606183,0.0253956569746043,0.0743467059256533,0.0533676849466323,0.0323886639676113,0.0253956569746043,"4859"
"28",0.0498369818351188,0.0409874243129949,0.0232883092687471,0.0498369818351188,0.0763856544014904,0.032137866790871,0.032137866790871,0.0232883092687471,0.0409874243129949,0.0409874243129949,0.0409874243129949,0.0852352119236143,0.173730787144853,0.0409874243129949,0.032137866790871,0.0498369818351188,0.0498369818351188,0.0763856544014904,0.0409874243129949,"4583"
"29",0.0441102756892231,0.025062656641604,0.025062656641604,0.0822055137844612,0.025062656641604,0.291729323308271,0.0536340852130326,0.025062656641604,0.0345864661654135,0.0345864661654135,0.025062656641604,0.0345864661654135,0.0441102756892231,0.0441102756892231,0.0345864661654135,0.0631578947368421,0.0441102756892231,0.0441102756892231,0.025062656641604,"4622"
"30",0.0576659038901602,0.0315789473684211,0.022883295194508,0.0489702517162471,0.101144164759725,0.0489702517162471,0.135926773455378,0.0489702517162471,0.0402745995423341,0.0489702517162471,0.022883295194508,0.0402745995423341,0.101144164759725,0.0315789473684211,0.0402745995423341,0.022883295194508,0.0837528604118993,0.0402745995423341,0.0315789473684211,"4703"
"31",0.0518092105263158,0.0596217105263158,0.0674342105263158,0.0205592105263158,0.0205592105263158,0.0518092105263158,0.0752467105263158,0.0205592105263158,0.0205592105263158,0.0830592105263158,0.0205592105263158,0.0361842105263158,0.114309210526316,0.0205592105263158,0.0283717105263158,0.0752467105263158,0.122121710526316,0.0908717105263158,0.0205592105263158,"4730"
"32",0.0597439544807966,0.0507349454717876,0.0327169274537696,0.0327169274537696,0.104788999525842,0.0417259364627786,0.0327169274537696,0.0507349454717876,0.0597439544807966,0.0957799905168326,0.0327169274537696,0.0507349454717876,0.0777619724988146,0.0237079184447606,0.0327169274537696,0.104788999525842,0.0327169274537696,0.0597439544807966,0.0237079184447606,"4738"
"33",0.238203266787659,0.0399274047186933,0.0226860254083485,0.0485480943738657,0.0657894736842105,0.0313067150635209,0.0571687840290381,0.0657894736842105,0.0657894736842105,0.0399274047186933,0.0399274047186933,0.0313067150635209,0.0226860254083485,0.0313067150635209,0.0226860254083485,0.0485480943738657,0.0571687840290381,0.0226860254083485,0.0485480943738657,"4751"
"34",0.0526315789473684,0.0404364569961489,0.0282413350449294,0.0465340179717587,0.0343388960205392,0.0343388960205392,0.0343388960205392,0.0221437740693196,0.0221437740693196,0.0160462130937099,0.0343388960205392,0.0465340179717587,0.0465340179717587,0.0343388960205392,0.0343388960205392,0.0160462130937099,0.0404364569961489,0.387997432605905,0.0282413350449294,"4800"
"35",0.0557582073996873,0.0260552371026576,0.0557582073996873,0.0458572173006774,0.0359562272016675,0.0458572173006774,0.0458572173006774,0.0260552371026576,0.0359562272016675,0.0458572173006774,0.0557582073996873,0.0359562272016675,0.0953621677957269,0.0359562272016675,0.0953621677957269,0.0656591974986972,0.0458572173006774,0.0755601875977071,0.0755601875977071,"5829"
"36",0.0237079184447606,0.0417259364627786,0.0327169274537696,0.0237079184447606,0.0327169274537696,0.0597439544807966,0.149834044570887,0.0417259364627786,0.0417259364627786,0.0237079184447606,0.0237079184447606,0.0507349454717876,0.0507349454717876,0.104788999525842,0.0507349454717876,0.0417259364627786,0.0417259364627786,0.0777619724988146,0.0867709815078236,"5856"
"37",0.033311125916056,0.033311125916056,0.033311125916056,0.033311125916056,0.0459693537641572,0.0459693537641572,0.0586275816122585,0.0586275816122585,0.033311125916056,0.0966022651565623,0.033311125916056,0.033311125916056,0.0459693537641572,0.033311125916056,0.121918720852765,0.0712858094603598,0.109260493004664,0.033311125916056,0.0459693537641572,"4650"
"38",0.115164147993747,0.0260552371026576,0.0359562272016675,0.0656591974986972,0.0458572173006774,0.0260552371026576,0.0260552371026576,0.0260552371026576,0.0359562272016675,0.0359562272016675,0.0359562272016675,0.154768108389786,0.0656591974986972,0.0557582073996873,0.0260552371026576,0.0557582073996873,0.0557582073996873,0.0557582073996873,0.0557582073996873,"4579"
"39",0.0531281032770606,0.0436941410129096,0.0625620655412115,0.0342601787487587,0.0248262164846077,0.0248262164846077,0.0436941410129096,0.0342601787487587,0.0342601787487587,0.0436941410129096,0.0248262164846077,0.156901688182721,0.0719960278053625,0.0342601787487587,0.0248262164846077,0.0436941410129096,0.14746772591857,0.0248262164846077,0.0719960278053625,"4614"
"40",0.0573308270676692,0.0989974937343358,0.075187969924812,0.0513784461152882,0.0573308270676692,0.0513784461152882,0.0335213032581454,0.0335213032581454,0.116854636591479,0.0275689223057644,0.0335213032581454,0.110902255639098,0.0454260651629073,0.0335213032581454,0.0513784461152882,0.0394736842105263,0.0156641604010025,0.0513784461152882,0.0156641604010025,"4627"
"41",0.106711733462096,0.0333172380492516,0.0333172380492516,0.0333172380492516,0.0241429261226461,0.198454852728151,0.115886045388701,0.0333172380492516,0.0516658619024626,0.0333172380492516,0.0241429261226461,0.0241429261226461,0.0424915499758571,0.0424915499758571,0.0424915499758571,0.0700144857556736,0.0424915499758571,0.0241429261226461,0.0241429261226461,"4682"
"42",0.0216428922774225,0.0636989670437777,0.0356615838662076,0.18052139695032,0.0216428922774225,0.0216428922774225,0.0216428922774225,0.0169699950811608,0.0870634530250861,0.0496802754549926,0.073044761436301,0.0356615838662076,0.0169699950811608,0.0309886866699459,0.0263157894736842,0.119773733398918,0.101082144613871,0.0403344810624693,0.0356615838662076,"4695"
"43",0.0295250320924262,0.102695763799743,0.0783055198973042,0.0539152759948652,0.0376551133932392,0.0213949507916132,0.0457851946940522,0.0457851946940522,0.102695763799743,0.0376551133932392,0.0213949507916132,0.110825845100556,0.0539152759948652,0.0295250320924262,0.0213949507916132,0.0539152759948652,0.0376551133932392,0.0376551133932392,0.0783055198973042,"4704"
"44",0.0356037151702786,0.172858617131063,0.0552115583075335,0.0552115583075335,0.0454076367389061,0.0257997936016512,0.0454076367389061,0.0356037151702786,0.0257997936016512,0.0257997936016512,0.065015479876161,0.065015479876161,0.0552115583075335,0.0257997936016512,0.065015479876161,0.065015479876161,0.0356037151702786,0.0552115583075335,0.0454076367389061,"4716"
"45",0.0881180223285487,0.0426634768740032,0.0350877192982456,0.0350877192982456,0.0578149920255183,0.0729665071770335,0.0350877192982456,0.0502392344497608,0.0881180223285487,0.0578149920255183,0.0350877192982456,0.027511961722488,0.0426634768740032,0.0426634768740032,0.0956937799043062,0.027511961722488,0.0805422647527911,0.0578149920255183,0.027511961722488,"4733"
"46",0.0453947368421053,0.0328947368421053,0.0703947368421053,0.0453947368421053,0.0328947368421053,0.0578947368421053,0.0578947368421053,0.0578947368421053,0.0328947368421053,0.0578947368421053,0.0578947368421053,0.0578947368421053,0.0328947368421053,0.0328947368421053,0.0578947368421053,0.0453947368421053,0.0953947368421053,0.0953947368421053,0.0328947368421053,"4778"
"47",0.0339399901623217,0.0339399901623217,0.0432857845548451,0.0806689621249385,0.0245941957697983,0.0245941957697983,0.0339399901623217,0.0432857845548451,0.0432857845548451,0.0339399901623217,0.0619773733398918,0.0245941957697983,0.211510083620266,0.0245941957697983,0.0245941957697983,0.0339399901623217,0.146089522872602,0.0245941957697983,0.0526315789473684,"4797"
"48",0.0432330827067669,0.0551378446115288,0.031328320802005,0.031328320802005,0.031328320802005,0.031328320802005,0.0789473684210526,0.0789473684210526,0.031328320802005,0.0551378446115288,0.031328320802005,0.031328320802005,0.1265664160401,0.031328320802005,0.0432330827067669,0.0432330827067669,0.138471177944862,0.031328320802005,0.0551378446115288,"4798"
"49",0.0422276621787026,0.0422276621787026,0.0538555691554468,0.0538555691554468,0.0305997552019584,0.0305997552019584,0.100367197062424,0.0305997552019584,0.0771113831089351,0.0538555691554468,0.0422276621787026,0.0305997552019584,0.0422276621787026,0.065483476132191,0.0538555691554468,0.0538555691554468,0.065483476132191,0.0538555691554468,0.0771113831089351,"4842"
"50",0.0494893951296151,0.146504320502749,0.0420267085624509,0.0271013354281225,0.0420267085624509,0.0569520816967793,0.0420267085624509,0.0793401413982718,0.0420267085624509,0.0345640219952867,0.0271013354281225,0.0420267085624509,0.0494893951296151,0.0345640219952867,0.0271013354281225,0.116653574234093,0.086802827965436,0.0196386488609584,0.0345640219952867,"5835"
"51",0.0747100802854594,0.0196253345227475,0.028099910793934,0.0450490633363069,0.0619982158786797,0.0747100802854594,0.0196253345227475,0.0153880463871543,0.0450490633363069,0.256913470115968,0.0365744870651204,0.0323371989295272,0.0323371989295272,0.0111507582515611,0.0704727921498662,0.0747100802854594,0.0577609277430865,0.0196253345227475,0.0238626226583408,"5867"
"52",0.0608401738290681,0.0424915499758571,0.0333172380492516,0.0700144857556736,0.0424915499758571,0.0791887976822791,0.0516658619024626,0.0424915499758571,0.0516658619024626,0.0424915499758571,0.115886045388701,0.0700144857556736,0.0241429261226461,0.0333172380492516,0.0516658619024626,0.0333172380492516,0.0608401738290681,0.0700144857556736,0.0241429261226461,"4563"
"53",0.201898188093184,0.0297670405522002,0.046160483175151,0.0379637618636756,0.0297670405522002,0.0789473684210526,0.0297670405522002,0.046160483175151,0.046160483175151,0.0625539257981018,0.0215703192407248,0.111734253666954,0.0297670405522002,0.0297670405522002,0.0215703192407248,0.046160483175151,0.0297670405522002,0.0297670405522002,0.0707506471095772,"4608"
"54",0.0503432494279176,0.148169336384439,0.0394736842105263,0.028604118993135,0.0394736842105263,0.028604118993135,0.0394736842105263,0.028604118993135,0.0829519450800915,0.028604118993135,0.028604118993135,0.0829519450800915,0.028604118993135,0.028604118993135,0.0503432494279176,0.115560640732265,0.0938215102974828,0.028604118993135,0.028604118993135,"4619"
"55",0.0390492359932088,0.0820599886813809,0.0282965478211658,0.0820599886813809,0.0282965478211658,0.0713073005093379,0.0820599886813809,0.0282965478211658,0.0498019241652518,0.0390492359932088,0.0282965478211658,0.0605546123372949,0.0498019241652518,0.0498019241652518,0.0390492359932088,0.0282965478211658,0.135823429541596,0.0282965478211658,0.0498019241652518,"4628"
"56",0.0301153954404728,0.345623416830847,0.0515057697720236,0.0194202082746974,0.0301153954404728,0.0247678018575851,0.0354629890233605,0.0247678018575851,0.0408105826062482,0.062200956937799,0.0247678018575851,0.0301153954404728,0.0782437376864621,0.0194202082746974,0.0140726146918097,0.0247678018575851,0.0408105826062482,0.062200956937799,0.0408105826062482,"4815"
"57",0.0563157894736842,0.0363157894736842,0.0263157894736842,0.0263157894736842,0.0963157894736842,0.0663157894736842,0.0563157894736842,0.0363157894736842,0.0263157894736842,0.0263157894736842,0.0563157894736842,0.136315789473684,0.0563157894736842,0.0663157894736842,0.0363157894736842,0.0263157894736842,0.0963157894736842,0.0263157894736842,0.0463157894736842,"5850"
"58",0.0625539257981018,0.0379637618636756,0.0543572044866264,0.0707506471095772,0.0379637618636756,0.0297670405522002,0.0297670405522002,0.0215703192407248,0.0215703192407248,0.087144089732528,0.0215703192407248,0.0543572044866264,0.0297670405522002,0.0625539257981018,0.128127696289905,0.0789473684210526,0.103537532355479,0.0297670405522002,0.0379637618636756,"5855"
"59",0.0234962406015038,0.0234962406015038,0.050281954887218,0.0681390977443609,0.0234962406015038,0.103853383458647,0.0413533834586466,0.0234962406015038,0.050281954887218,0.139567669172932,0.0234962406015038,0.050281954887218,0.0949248120300752,0.0234962406015038,0.0324248120300752,0.0592105263157895,0.050281954887218,0.0413533834586466,0.0770676691729323,"4615"
"60",0.0552631578947368,0.0552631578947368,0.0302631578947368,0.130263157894737,0.0635964912280702,0.0385964912280702,0.0219298245614035,0.0302631578947368,0.0635964912280702,0.0219298245614035,0.0385964912280702,0.0219298245614035,0.0385964912280702,0.0385964912280702,0.221929824561404,0.0302631578947368,0.0385964912280702,0.0302631578947368,0.0302631578947368,"4588"
"61",0.0257558790593505,0.0257558790593505,0.0399402762224711,0.0470324748040314,0.0966778648749533,0.0399402762224711,0.110862262038074,0.0257558790593505,0.0470324748040314,0.0470324748040314,0.0612168719671519,0.0966778648749533,0.0824934677118328,0.0257558790593505,0.0541246733855916,0.0399402762224711,0.0399402762224711,0.0328480776409108,0.0612168719671519,"5854"
"62",0.028604118993135,0.0394736842105263,0.0829519450800915,0.0394736842105263,0.028604118993135,0.028604118993135,0.0612128146453089,0.028604118993135,0.115560640732265,0.0394736842105263,0.0503432494279176,0.028604118993135,0.0829519450800915,0.028604118993135,0.0612128146453089,0.0829519450800915,0.0503432494279176,0.0503432494279176,0.0720823798627002,"4861"
"63",0.112550607287449,0.0356275303643725,0.0356275303643725,0.0279352226720648,0.0202429149797571,0.0356275303643725,0.189473684210526,0.0202429149797571,0.0202429149797571,0.0510121457489879,0.0356275303643725,0.0433198380566802,0.0663967611336032,0.0894736842105263,0.0356275303643725,0.0433198380566802,0.0740890688259109,0.0356275303643725,0.0279352226720648,"5832"
"64",0.0292869269949066,0.126061120543294,0.0292869269949066,0.0454159592529711,0.0212224108658744,0.0534804753820034,0.0212224108658744,0.0292869269949066,0.126061120543294,0.0292869269949066,0.0373514431239389,0.0534804753820034,0.0292869269949066,0.0373514431239389,0.0454159592529711,0.142190152801358,0.0938030560271647,0.0292869269949066,0.0212224108658744,"5845"
"65",0.115886045388701,0.0791887976822791,0.0424915499758571,0.0516658619024626,0.0241429261226461,0.0516658619024626,0.0608401738290681,0.0516658619024626,0.0241429261226461,0.0791887976822791,0.0424915499758571,0.0608401738290681,0.0608401738290681,0.0241429261226461,0.0700144857556736,0.0333172380492516,0.0333172380492516,0.0333172380492516,0.0608401738290681,"5847"
"66",0.0546755237608585,0.0255493101686254,0.0352580480327031,0.0449667858967808,0.0546755237608585,0.200306591722024,0.0449667858967808,0.0255493101686254,0.0546755237608585,0.0352580480327031,0.0255493101686254,0.0255493101686254,0.0643842616249361,0.0255493101686254,0.0255493101686254,0.0740929994890138,0.0838017373530915,0.0255493101686254,0.0740929994890138,"4573"
"67",0.0580575149213239,0.0271296798697775,0.0271296798697775,0.0477482365708085,0.0683667932718394,0.0992946283233858,0.109603906673901,0.037438958220293,0.0271296798697775,0.037438958220293,0.037438958220293,0.037438958220293,0.037438958220293,0.037438958220293,0.0477482365708085,0.0271296798697775,0.109603906673901,0.0889853499728703,0.037438958220293,"4599"
"68",0.0786760716223549,0.037438958220293,0.0271296798697775,0.0477482365708085,0.037438958220293,0.0580575149213239,0.0786760716223549,0.0477482365708085,0.0992946283233858,0.0271296798697775,0.0271296798697775,0.037438958220293,0.0580575149213239,0.0477482365708085,0.0271296798697775,0.037438958220293,0.0992946283233858,0.0992946283233858,0.0271296798697775,"4643"
"69",0.0124131082423039,0.073733862959285,0.0595829195630586,0.0124131082423039,0.0265640516385303,0.0265640516385303,0.0784508440913605,0.0265640516385303,0.0454319761668322,0.0218470705064548,0.0218470705064548,0.0690168818272095,0.0407149950347567,0.0312810327706058,0.210526315789474,0.0218470705064548,0.0595829195630586,0.144488579940417,0.0171300893743793,"4801"
"70",0.018341307814992,0.195108984582669,0.0334928229665072,0.0486443381180223,0.0385433280170122,0.0334928229665072,0.0587453482190324,0.0233918128654971,0.0789473684210526,0.0536948431685274,0.0233918128654971,0.0890483785220627,0.018341307814992,0.018341307814992,0.0536948431685274,0.0991493886230728,0.0486443381180223,0.0385433280170122,0.0284423179160021,"5834"
"71",0.0453720508166969,0.0453720508166969,0.0453720508166969,0.0453720508166969,0.0453720508166969,0.0453720508166969,0.0626134301270417,0.0453720508166969,0.0453720508166969,0.0453720508166969,0.0798548094373866,0.0453720508166969,0.0453720508166969,0.0453720508166969,0.0626134301270417,0.0626134301270417,0.0798548094373866,0.0626134301270417,0.0453720508166969,"4621"
"72",0.0571799870045484,0.0571799870045484,0.0571799870045484,0.0324886289798571,0.0324886289798571,0.0324886289798571,0.0324886289798571,0.106562703053931,0.0448343079922027,0.0571799870045484,0.0942170240415855,0.0324886289798571,0.0448343079922027,0.0571799870045484,0.0695256660168941,0.0324886289798571,0.0448343079922027,0.0695256660168941,0.0448343079922027,"4623"
"73",0.0354187355180404,0.0354187355180404,0.041708043694141,0.0228401191658391,0.0354187355180404,0.041708043694141,0.041708043694141,0.274412446209864,0.0605759682224429,0.041708043694141,0.0542866600463423,0.041708043694141,0.0165508109897385,0.0605759682224429,0.0228401191658391,0.0605759682224429,0.0542866600463423,0.0165508109897385,0.041708043694141,"4677"
"74",0.025062656641604,0.0345864661654135,0.0726817042606516,0.025062656641604,0.120300751879699,0.0441102756892231,0.0726817042606516,0.0536340852130326,0.0345864661654135,0.025062656641604,0.186967418546366,0.0441102756892231,0.0441102756892231,0.025062656641604,0.0441102756892231,0.0631578947368421,0.025062656641604,0.0345864661654135,0.025062656641604,"4829"
"75",0.0257149723624129,0.0120163422254266,0.0348473924537371,0.0165825522710887,0.0439798125450613,0.0257149723624129,0.0165825522710887,0.103340543138669,0.0257149723624129,0.0211487623167508,0.496034607065609,0.0120163422254266,0.0211487623167508,0.0120163422254266,0.0165825522710887,0.0211487623167508,0.0576784426820476,0.0165825522710887,0.0211487623167508,"4832"
"76",0.0473241928350287,0.0305174701459531,0.0389208314904909,0.0977443609022556,0.0305174701459531,0.0305174701459531,0.0473241928350287,0.0557275541795666,0.0473241928350287,0.0557275541795666,0.0305174701459531,0.0557275541795666,0.0641309155241044,0.0305174701459531,0.114551083591331,0.0641309155241044,0.0977443609022556,0.0221141088014153,0.0389208314904909,"4845"
"77",0.0189322226429383,0.0333207118515714,0.0333207118515714,0.0261264672472548,0.0333207118515714,0.0261264672472548,0.054903445664521,0.0189322226429383,0.0692919348731541,0.112457402499053,0.054903445664521,0.0189322226429383,0.0333207118515714,0.0261264672472548,0.32828474062855,0.0261264672472548,0.0333207118515714,0.0189322226429383,0.0333207118515714,"4651"
"78",0.0471670980730515,0.0854184641932701,0.0253091745757837,0.0963474259419039,0.0526315789473684,0.0198446937014668,0.0362381363244176,0.0143802128271498,0.107276387690538,0.0471670980730515,0.0253091745757837,0.0253091745757837,0.0854184641932701,0.0963474259419039,0.0744895024446362,0.0526315789473684,0.0253091745757837,0.0526315789473684,0.0307736554501007,"5851"
"79",0.086007702182285,0.129910141206675,0.0323491655969191,0.0372272143774069,0.0128369704749679,0.0713735558408216,0.0274711168164313,0.0225930680359435,0.0713735558408216,0.0664955070603338,0.061617458279846,0.086007702182285,0.061617458279846,0.061617458279846,0.0177150192554557,0.0811296534017972,0.0274711168164313,0.0274711168164313,0.0177150192554557,"4714"
"80",0.026581605528974,0.0568846358320043,0.0366826156299841,0.0770866560340245,0.0568846358320043,0.0366826156299841,0.026581605528974,0.0467836257309942,0.0770866560340245,0.0568846358320043,0.0770866560340245,0.0467836257309942,0.0366826156299841,0.0568846358320043,0.0467836257309942,0.0467836257309942,0.0568846358320043,0.0467836257309942,0.0871876661350346,"4782"
"81",0.0367585630743526,0.0446950710108605,0.0367585630743526,0.171679197994987,0.0288220551378446,0.0605680868838764,0.0288220551378446,0.0526315789473684,0.0288220551378446,0.0208855472013367,0.0288220551378446,0.0208855472013367,0.0764411027568922,0.100250626566416,0.0923141186299081,0.0446950710108605,0.0446950710108605,0.0367585630743526,0.0446950710108605,"5857"
"82",0.104909925821265,0.0176616036736136,0.0713528788413988,0.0176616036736136,0.0445072412575062,0.0579300600494525,0.0579300600494525,0.0310844224655599,0.0310844224655599,0.0310844224655599,0.0713528788413988,0.0310844224655599,0.0445072412575062,0.151889791593077,0.0445072412575062,0.0176616036736136,0.0981985164252914,0.0445072412575062,0.0310844224655599,"5858"
"83",0.0208855472013367,0.0288220551378446,0.0208855472013367,0.116123642439432,0.0367585630743526,0.0288220551378446,0.0446950710108605,0.100250626566416,0.0843776106934002,0.0208855472013367,0.0288220551378446,0.0605680868838764,0.0526315789473684,0.0367585630743526,0.0605680868838764,0.131996658312448,0.0367585630743526,0.0288220551378446,0.0605680868838764,"4689"
"84",0.0368675311467073,0.312229849987287,0.0465293668954996,0.0416984490211035,0.0175438596491228,0.0320366132723112,0.0175438596491228,0.0465293668954996,0.061022120518688,0.0320366132723112,0.0416984490211035,0.0803457920162726,0.0513602847698958,0.0127129417747267,0.0223747775235189,0.0320366132723112,0.0513602847698958,0.0465293668954996,0.0175438596491228,"5862"
"85",0.0208855472013367,0.0208855472013367,0.0208855472013367,0.0446950710108605,0.0208855472013367,0.401837928153718,0.0526315789473684,0.0367585630743526,0.0208855472013367,0.0367585630743526,0.0288220551378446,0.0288220551378446,0.0208855472013367,0.0288220551378446,0.0446950710108605,0.0605680868838764,0.0367585630743526,0.0208855472013367,0.0526315789473684,"2132"
"86",0.0752467105263158,0.0361842105263158,0.0283717105263158,0.0361842105263158,0.0205592105263158,0.0986842105263158,0.0986842105263158,0.0283717105263158,0.0908717105263158,0.0752467105263158,0.0361842105263158,0.0283717105263158,0.0439967105263158,0.0752467105263158,0.0518092105263158,0.0361842105263158,0.0674342105263158,0.0361842105263158,0.0361842105263158,"4589"
"87",0.0632151029748284,0.0469107551487414,0.0469107551487414,0.0903890160183066,0.0577803203661327,0.0360411899313501,0.0197368421052632,0.193649885583524,0.0469107551487414,0.0360411899313501,0.117562929061785,0.0306064073226545,0.0523455377574371,0.0251716247139588,0.0306064073226545,0.0143020594965675,0.0360411899313501,0.0306064073226545,0.0251716247139588,"4597"
"88",0.0518796992481203,0.037593984962406,0.0661654135338346,0.0518796992481203,0.0518796992481203,0.0661654135338346,0.0518796992481203,0.037593984962406,0.0661654135338346,0.0661654135338346,0.037593984962406,0.037593984962406,0.0661654135338346,0.0518796992481203,0.0518796992481203,0.037593984962406,0.0947368421052632,0.037593984962406,0.037593984962406,"4787"
"89",0.0210526315789474,0.0210526315789474,0.0210526315789474,0.0210526315789474,0.101052631578947,0.0610526315789474,0.117052631578947,0.0610526315789474,0.0450526315789474,0.0530526315789474,0.0850526315789474,0.0690526315789474,0.0290526315789474,0.0290526315789474,0.0770526315789474,0.0370526315789474,0.0450526315789474,0.0850526315789474,0.0210526315789474,"4814"
"90",0.112927950945324,0.0255493101686254,0.0255493101686254,0.0449667858967808,0.0352580480327031,0.0838017373530915,0.0546755237608585,0.0352580480327031,0.0643842616249361,0.0352580480327031,0.0352580480327031,0.0255493101686254,0.0643842616249361,0.0546755237608585,0.0352580480327031,0.13234542667348,0.0546755237608585,0.0546755237608585,0.0255493101686254,"4638"
"91",0.0205173951828724,0.0713648528099911,0.127862027951234,0.0374665477252453,0.0205173951828724,0.0431162652393696,0.031816830211121,0.0148676776687481,0.0374665477252453,0.0600654177817425,0.0600654177817425,0.0487659827534939,0.0544157002676182,0.0374665477252453,0.195658638120726,0.0374665477252453,0.031816830211121,0.0261671126969967,0.0431162652393696,"4667"
"92",0.0292397660818713,0.0292397660818713,0.0625730994152047,0.107017543859649,0.0514619883040936,0.0625730994152047,0.0514619883040936,0.0403508771929825,0.0292397660818713,0.0514619883040936,0.0292397660818713,0.0514619883040936,0.0292397660818713,0.0847953216374269,0.0625730994152047,0.0736842105263158,0.0736842105263158,0.0292397660818713,0.0514619883040936,"4601"
"93",0.0238919667590028,0.050207756232687,0.050207756232687,0.0765235457063712,0.0370498614958449,0.0304709141274238,0.0238919667590028,0.234418282548476,0.0304709141274238,0.0831024930747922,0.0304709141274238,0.0370498614958449,0.0173130193905817,0.0238919667590028,0.0436288088642659,0.0962603878116343,0.056786703601108,0.0304709141274238,0.0238919667590028,"4855"
"94",0.0443696450428397,0.0327417380660955,0.0152998776009792,0.0443696450428397,0.0385556915544676,0.0734394124847001,0.166462668298654,0.0559975520195838,0.0211138310893513,0.0269277845777234,0.0269277845777234,0.0908812729498164,0.0501835985312118,0.0734394124847001,0.0327417380660955,0.0618115055079559,0.0734394124847001,0.0443696450428397,0.0269277845777234,"4749"
"95",0.0362381363244176,0.222030486051194,0.0744895024446362,0.0307736554501007,0.0362381363244176,0.0417026171987345,0.0253091745757837,0.0690250215703192,0.0198446937014668,0.0362381363244176,0.0362381363244176,0.0362381363244176,0.0417026171987345,0.0417026171987345,0.0253091745757837,0.107276387690538,0.0362381363244176,0.0253091745757837,0.0580960598216854,"4568"
"96",0.0539152759948652,0.183996576807873,0.0864356011981172,0.0295250320924262,0.0701754385964912,0.0457851946940522,0.0213949507916132,0.0376551133932392,0.0783055198973042,0.0213949507916132,0.0620453572956782,0.0213949507916132,0.0213949507916132,0.0376551133932392,0.0213949507916132,0.0783055198973042,0.0620453572956782,0.0213949507916132,0.0457851946940522,"4762"
"97",0.0442875481386393,0.0320924261874198,0.0564826700898588,0.0442875481386393,0.0564826700898588,0.0564826700898588,0.0442875481386393,0.0564826700898588,0.0564826700898588,0.0442875481386393,0.0320924261874198,0.0442875481386393,0.0320924261874198,0.0320924261874198,0.0442875481386393,0.117458279845956,0.117458279845956,0.0442875481386393,0.0442875481386393,"4566"
"98",0.0285951098217986,0.0207210940737671,0.0522171570658931,0.0364691255698301,0.0758392043099876,0.170327393286366,0.0207210940737671,0.0443431413178616,0.0285951098217986,0.0364691255698301,0.0285951098217986,0.0364691255698301,0.0994612515540821,0.115209283050145,0.0364691255698301,0.0364691255698301,0.0364691255698301,0.0285951098217986,0.0679651885619561,"4571"
"99",0.1727601446364,0.0964242667738047,0.0353555644837284,0.042989152269988,0.042989152269988,0.0353555644837284,0.104057854560064,0.042989152269988,0.0735235034150261,0.0277219766974689,0.0277219766974689,0.0200883889112093,0.0506227400562475,0.0353555644837284,0.0200883889112093,0.058256327842507,0.0658899156287666,0.0200883889112093,0.0277219766974689,"4574"
"100",0.0341763499658237,0.0471633629528366,0.0341763499658237,0.0341763499658237,0.0601503759398496,0.0341763499658237,0.0471633629528366,0.0341763499658237,0.0601503759398496,0.0731373889268626,0.0471633629528366,0.125085440874915,0.0861244019138756,0.0471633629528366,0.0341763499658237,0.0731373889268626,0.0601503759398496,0.0341763499658237,0.0341763499658237,"4580"
"101",0.0243664717348928,0.126218323586745,0.0336257309941521,0.126218323586745,0.0428849902534113,0.0336257309941521,0.0521442495126706,0.0428849902534113,0.0706627680311891,0.107699805068226,0.0243664717348928,0.0336257309941521,0.0336257309941521,0.0336257309941521,0.0336257309941521,0.0521442495126706,0.0706627680311891,0.0336257309941521,0.0243664717348928,"4616"
"102",0.0342601787487587,0.0342601787487587,0.0436941410129096,0.0342601787487587,0.0436941410129096,0.185203574975174,0.0342601787487587,0.0342601787487587,0.0436941410129096,0.0248262164846077,0.0719960278053625,0.119165839126117,0.0625620655412115,0.0342601787487587,0.0436941410129096,0.0436941410129096,0.0342601787487587,0.0436941410129096,0.0342601787487587,"4617"
"103",0.0498369818351188,0.0409874243129949,0.0852352119236143,0.0232883092687471,0.0852352119236143,0.129482999534234,0.0586865393572427,0.0409874243129949,0.032137866790871,0.0409874243129949,0.0498369818351188,0.0409874243129949,0.0232883092687471,0.0586865393572427,0.0498369818351188,0.0586865393572427,0.0409874243129949,0.0586865393572427,0.032137866790871,"4629"
"104",0.112781954887218,0.0324248120300752,0.0324248120300752,0.0592105263157895,0.0413533834586466,0.0770676691729323,0.130639097744361,0.0324248120300752,0.0324248120300752,0.050281954887218,0.0681390977443609,0.0234962406015038,0.0413533834586466,0.0681390977443609,0.050281954887218,0.0234962406015038,0.0324248120300752,0.0413533834586466,0.050281954887218,"4631"
"105",0.0933669790915645,0.0659697188175919,0.0454217736121125,0.024873828406633,0.024873828406633,0.0385724585436193,0.0522710886806056,0.0317231434751262,0.168709444844989,0.0728190338860851,0.0454217736121125,0.0317231434751262,0.0522710886806056,0.0317231434751262,0.024873828406633,0.0933669790915645,0.024873828406633,0.0317231434751262,0.0454217736121125,"4656"
"106",0.0242105263157895,0.0908771929824561,0.137543859649123,0.0775438596491228,0.0442105263157895,0.0508771929824561,0.0375438596491228,0.0308771929824561,0.0375438596491228,0.0308771929824561,0.0242105263157895,0.0708771929824561,0.0308771929824561,0.0442105263157895,0.104210526315789,0.0508771929824561,0.0375438596491228,0.0175438596491228,0.0575438596491228,"4659"
"107",0.0484056857472148,0.019208605455244,0.019208605455244,0.0703034959661929,0.0411064156742221,0.019208605455244,0.0484056857472148,0.0265078755282367,0.0703034959661929,0.0411064156742221,0.0484056857472148,0.019208605455244,0.0557049558202075,0.0411064156742221,0.274683058009988,0.019208605455244,0.0338071456012294,0.0484056857472148,0.0557049558202075,"4662"
