"","V1","V2","V3","V4","V5","V6","V7","V8","V9","V10","V11","V12","V13","V14","V15","V16","V17","V18","V19","V20","V21","V22","V23","V24","V25","V26","ID"
"1",0.04001554001554,0.0753690753690754,0.0602175602175602,0.0198135198135198,0.0551670551670552,0.0299145299145299,0.00971250971250971,0.0198135198135198,0.0299145299145299,0.0299145299145299,0.0905205905205905,0.0299145299145299,0.00971250971250971,0.04001554001554,0.0198135198135198,0.0804195804195804,0.00971250971250971,0.00971250971250971,0.0248640248640249,0.0450660450660451,0.0248640248640249,0.0147630147630148,0.0198135198135198,0.0905205905205905,0.034965034965035,0.0854700854700855,"2074"
"2",0.0324221233312142,0.0158931977113795,0.0158931977113795,0.048951048951049,0.0241576605212969,0.0324221233312142,0.0158931977113795,0.0158931977113795,0.0158931977113795,0.0241576605212969,0.0158931977113795,0.0324221233312142,0.0158931977113795,0.0158931977113795,0.0158931977113795,0.0158931977113795,0.0158931977113795,0.0158931977113795,0.0324221233312142,0.0158931977113795,0.0158931977113795,0.429116338207247,0.0158931977113795,0.0324221233312142,0.048951048951049,0.0241576605212969,"4644"
"3",0.0306490384615385,0.0228365384615385,0.0462740384615385,0.0228365384615385,0.0384615384615385,0.0150240384615385,0.0931490384615385,0.0228365384615385,0.0462740384615385,0.0462740384615385,0.0853365384615385,0.0462740384615385,0.0306490384615385,0.0150240384615385,0.0306490384615385,0.0462740384615385,0.0228365384615385,0.0150240384615385,0.0306490384615385,0.0384615384615385,0.0618990384615385,0.0228365384615385,0.0306490384615385,0.0775240384615385,0.0228365384615385,0.0384615384615385,"1899"
"4",0.0272435897435897,0.0411324786324786,0.103632478632479,0.0133547008547009,0.0133547008547009,0.0202991452991453,0.0550213675213675,0.0133547008547009,0.0341880341880342,0.0202991452991453,0.0550213675213675,0.0480769230769231,0.0272435897435897,0.0550213675213675,0.0411324786324786,0.0272435897435897,0.0272435897435897,0.0133547008547009,0.103632478632479,0.0480769230769231,0.0480769230769231,0.0202991452991453,0.0411324786324786,0.0411324786324786,0.0480769230769231,0.0133547008547009,"2119"
"5",0.0275761973875181,0.04644412191582,0.0653120464441219,0.0747460087082729,0.0275761973875181,0.0181422351233672,0.0370101596516691,0.0181422351233672,0.0370101596516691,0.0370101596516691,0.0370101596516691,0.0370101596516691,0.0936139332365747,0.0275761973875181,0.0275761973875181,0.04644412191582,0.0181422351233672,0.0275761973875181,0.04644412191582,0.04644412191582,0.0275761973875181,0.0275761973875181,0.04644412191582,0.055878084179971,0.0181422351233672,0.0275761973875181,"2120"
"6",0.0301775147928994,0.0378698224852071,0.0455621301775148,0.0378698224852071,0.0224852071005917,0.0455621301775148,0.0378698224852071,0.0609467455621302,0.0609467455621302,0.0301775147928994,0.014792899408284,0.0224852071005917,0.014792899408284,0.0224852071005917,0.0301775147928994,0.0609467455621302,0.0994082840236686,0.014792899408284,0.0378698224852071,0.0532544378698225,0.0378698224852071,0.0224852071005917,0.014792899408284,0.0917159763313609,0.014792899408284,0.0378698224852071,"2121"
"7",0.0288461538461538,0.0288461538461538,0.0509049773755656,0.0141402714932127,0.0288461538461538,0.0361990950226244,0.043552036199095,0.0361990950226244,0.043552036199095,0.0214932126696833,0.0656108597285068,0.0288461538461538,0.0214932126696833,0.0582579185520362,0.0214932126696833,0.0361990950226244,0.0141402714932127,0.0656108597285068,0.0214932126696833,0.0214932126696833,0.0361990950226244,0.0288461538461538,0.0141402714932127,0.043552036199095,0.168552036199095,0.0214932126696833,"2122"
"8",0.0281065088757396,0.018491124260355,0.0377218934911243,0.0377218934911243,0.0281065088757396,0.0281065088757396,0.0281065088757396,0.018491124260355,0.0281065088757396,0.018491124260355,0.018491124260355,0.0665680473372781,0.0281065088757396,0.114644970414201,0.018491124260355,0.018491124260355,0.0377218934911243,0.0569526627218935,0.0281065088757396,0.0281065088757396,0.0281065088757396,0.0473372781065089,0.0281065088757396,0.0665680473372781,0.124260355029586,0.018491124260355,"2123"
"9",0.0318949343339587,0.105065666041276,0.0562851782363978,0.0237648530331457,0.105065666041276,0.0156347717323327,0.0400250156347717,0.0156347717323327,0.0237648530331457,0.0156347717323327,0.0156347717323327,0.0725453408380238,0.0237648530331457,0.0481550969355847,0.0725453408380238,0.0237648530331457,0.0562851782363978,0.0400250156347717,0.0237648530331457,0.0156347717323327,0.0400250156347717,0.0156347717323327,0.0156347717323327,0.0562851782363978,0.0237648530331457,0.0237648530331457,"2124"
"10",0.0384615384615385,0.0188536953242836,0.0482654600301659,0.028657616892911,0.028657616892911,0.0678733031674208,0.0678733031674208,0.0482654600301659,0.028657616892911,0.028657616892911,0.0482654600301659,0.0384615384615385,0.028657616892911,0.028657616892911,0.028657616892911,0.0678733031674208,0.0384615384615385,0.0188536953242836,0.0188536953242836,0.028657616892911,0.0384615384615385,0.0384615384615385,0.0188536953242836,0.0384615384615385,0.0776772247360483,0.0384615384615385,"2125"
"11",0.018491124260355,0.018491124260355,0.0281065088757396,0.018491124260355,0.0377218934911243,0.018491124260355,0.297337278106509,0.018491124260355,0.0281065088757396,0.0281065088757396,0.0281065088757396,0.0281065088757396,0.018491124260355,0.018491124260355,0.0281065088757396,0.0473372781065089,0.018491124260355,0.018491124260355,0.0377218934911243,0.018491124260355,0.0281065088757396,0.0281065088757396,0.0281065088757396,0.0377218934911243,0.0761834319526627,0.0281065088757396,"2126"
"12",0.0106293706293706,0.0215384615384615,0.00699300699300699,0.0179020979020979,0.0251748251748252,0.0215384615384615,0.0106293706293706,0.0324475524475525,0.0179020979020979,0.00699300699300699,0.0506293706293706,0.0142657342657343,0.0142657342657343,0.0397202797202797,0.0288111888111888,0.046993006993007,0.0106293706293706,0.0215384615384615,0.0179020979020979,0.0142657342657343,0.0106293706293706,0.0106293706293706,0.352447552447552,0.141538461538462,0.0142657342657343,0.0397202797202797,"2127"
"13",0.0118708452041785,0.0242165242165242,0.0303893637226971,0.0180436847103514,0.0118708452041785,0.0242165242165242,0.0303893637226971,0.0489078822412156,0.0489078822412156,0.0180436847103514,0.0550807217473884,0.0242165242165242,0.0118708452041785,0.0303893637226971,0.0427350427350427,0.0674264007597341,0.0242165242165242,0.0180436847103514,0.0489078822412156,0.0365622032288699,0.129154795821462,0.0612535612535613,0.0797720797720798,0.0612535612535613,0.0303893637226971,0.0118708452041785,"2128"
"14",0.0239596469104666,0.0239596469104666,0.0239596469104666,0.032156368221942,0.0977301387137453,0.0485498108448928,0.0567465321563682,0.0403530895334174,0.0403530895334174,0.0567465321563682,0.032156368221942,0.0485498108448928,0.032156368221942,0.0239596469104666,0.0403530895334174,0.0239596469104666,0.0239596469104666,0.0239596469104666,0.0239596469104666,0.0157629255989912,0.0649432534678436,0.0239596469104666,0.0239596469104666,0.114123581336696,0.0239596469104666,0.0157629255989912,"2129"
"15",0.0192307692307692,0.0192307692307692,0.0492307692307692,0.0392307692307692,0.0192307692307692,0.0292307692307692,0.269230769230769,0.0292307692307692,0.0392307692307692,0.0492307692307692,0.0292307692307692,0.0292307692307692,0.0292307692307692,0.0292307692307692,0.0192307692307692,0.0292307692307692,0.0192307692307692,0.0192307692307692,0.0292307692307692,0.0192307692307692,0.0392307692307692,0.0192307692307692,0.0192307692307692,0.0192307692307692,0.0692307692307692,0.0192307692307692,"4791"
"16",0.0452143276570758,0.0146799765120376,0.0299471520845567,0.0146799765120376,0.0223135642982971,0.0223135642982971,0.0452143276570758,0.0452143276570758,0.0299471520845567,0.0452143276570758,0.0604815032295948,0.0452143276570758,0.0299471520845567,0.0223135642982971,0.0223135642982971,0.0604815032295948,0.0223135642982971,0.0223135642982971,0.0223135642982971,0.13681738109219,0.0146799765120376,0.0223135642982971,0.0452143276570758,0.0299471520845567,0.0757486788021139,0.0528479154433353,"2130"
"17",0.0523731587561375,0.137479541734861,0.0310965630114566,0.0310965630114566,0.0310965630114566,0.0310965630114566,0.0204582651391162,0.0310965630114566,0.0204582651391162,0.0204582651391162,0.10556464811784,0.0523731587561375,0.0204582651391162,0.0417348608837971,0.0310965630114566,0.0204582651391162,0.0417348608837971,0.0204582651391162,0.0417348608837971,0.0204582651391162,0.0310965630114566,0.0204582651391162,0.0310965630114566,0.0204582651391162,0.0417348608837971,0.0523731587561375,"4594"
"18",0.0940748440748441,0.0197505197505198,0.0738045738045738,0.0332640332640333,0.0535343035343035,0.0197505197505198,0.0805613305613306,0.012993762993763,0.0197505197505198,0.0265072765072765,0.0670478170478171,0.0197505197505198,0.012993762993763,0.0738045738045738,0.012993762993763,0.012993762993763,0.012993762993763,0.0467775467775468,0.0265072765072765,0.04002079002079,0.0670478170478171,0.0738045738045738,0.0467775467775468,0.0197505197505198,0.0197505197505198,0.012993762993763,"4606"
"19",0.0202429149797571,0.0307692307692308,0.0307692307692308,0.0518218623481781,0.0518218623481781,0.0307692307692308,0.0307692307692308,0.0412955465587045,0.0307692307692308,0.0728744939271255,0.0412955465587045,0.0307692307692308,0.0518218623481781,0.0307692307692308,0.0202429149797571,0.0412955465587045,0.0307692307692308,0.0202429149797571,0.0307692307692308,0.0412955465587045,0.0307692307692308,0.0518218623481781,0.0202429149797571,0.0623481781376518,0.0412955465587045,0.0623481781376518,"4683"
"20",0.0561920349154392,0.0561920349154392,0.0632842334969995,0.027823240589198,0.0420076377523186,0.0420076377523186,0.0916530278232406,0.0349154391707583,0.027823240589198,0.0136388434260775,0.0136388434260775,0.0136388434260775,0.0349154391707583,0.0207310420076378,0.0349154391707583,0.0349154391707583,0.0207310420076378,0.0349154391707583,0.0420076377523186,0.127114020731042,0.0349154391707583,0.0136388434260775,0.0136388434260775,0.027823240589198,0.027823240589198,0.0490998363338789,"4686"
"21",0.0266875981161695,0.0266875981161695,0.0198848770277342,0.0266875981161695,0.0266875981161695,0.0470957613814757,0.0470957613814757,0.053898482469911,0.0334903192046049,0.0266875981161695,0.0607012035583464,0.0266875981161695,0.0198848770277342,0.121925693354265,0.0743066457352172,0.0402930402930403,0.0130821559392988,0.0266875981161695,0.0130821559392988,0.0130821559392988,0.0334903192046049,0.0811093668236525,0.0130821559392988,0.0198848770277342,0.0811093668236525,0.0266875981161695,"4693"
"22",0.0274725274725275,0.0274725274725275,0.0417582417582418,0.0417582417582418,0.0274725274725275,0.0274725274725275,0.0417582417582418,0.0417582417582418,0.056043956043956,0.0274725274725275,0.0274725274725275,0.0417582417582418,0.0274725274725275,0.0274725274725275,0.0417582417582418,0.0274725274725275,0.113186813186813,0.0274725274725275,0.0417582417582418,0.0417582417582418,0.0274725274725275,0.0274725274725275,0.0417582417582418,0.0417582417582418,0.0417582417582418,0.0417582417582418,"4783"
"23",0.0332902391725921,0.0290885585003232,0.0627020038784745,0.0206851971557854,0.0122818358112476,0.0122818358112476,0.00808015513897867,0.377828054298643,0.0164835164835165,0.0122818358112476,0.0500969618616677,0.0248868778280543,0.100517129928895,0.0122818358112476,0.0164835164835165,0.0206851971557854,0.0332902391725921,0.0290885585003232,0.00808015513897867,0.0122818358112476,0.0290885585003232,0.0122818358112476,0.0122818358112476,0.0248868778280543,0.0164835164835165,0.0122818358112476,"4785"
"24",0.0290598290598291,0.0216524216524217,0.0216524216524217,0.0660968660968661,0.0290598290598291,0.0142450142450142,0.0364672364672365,0.0586894586894587,0.236467236467236,0.0438746438746439,0.0586894586894587,0.0216524216524217,0.0142450142450142,0.0142450142450142,0.0364672364672365,0.0364672364672365,0.0216524216524217,0.0142450142450142,0.0438746438746439,0.0142450142450142,0.0142450142450142,0.0290598290598291,0.0142450142450142,0.0438746438746439,0.0364672364672365,0.0290598290598291,"4790"
"25",0.0278706800445931,0.0713489409141583,0.0423634336677815,0.0278706800445931,0.0423634336677815,0.0278706800445931,0.0423634336677815,0.0278706800445931,0.0278706800445931,0.0278706800445931,0.0278706800445931,0.0423634336677815,0.0423634336677815,0.0423634336677815,0.0278706800445931,0.0278706800445931,0.0278706800445931,0.0568561872909699,0.0278706800445931,0.0423634336677815,0.0423634336677815,0.0423634336677815,0.0278706800445931,0.0568561872909699,0.0713489409141583,0.0278706800445931,"4810"
"26",0.028428093645485,0.0719063545150502,0.0211817168338907,0.0356744704570792,0.144370122630992,0.064659977703456,0.0429208472686734,0.0211817168338907,0.0501672240802676,0.028428093645485,0.0139353400222965,0.0429208472686734,0.0139353400222965,0.0501672240802676,0.0574136008918618,0.0211817168338907,0.0356744704570792,0.028428093645485,0.0211817168338907,0.0429208472686734,0.0139353400222965,0.0211817168338907,0.064659977703456,0.0356744704570792,0.0139353400222965,0.0139353400222965,"4818"
"27",0.111350188273265,0.0344271113501883,0.0134480903711673,0.0274341043571813,0.0414201183431953,0.0484131253362023,0.0414201183431953,0.0274341043571813,0.0623991393222162,0.0484131253362023,0.0344271113501883,0.0274341043571813,0.0344271113501883,0.0763851533082302,0.0204410973641743,0.0274341043571813,0.0344271113501883,0.0134480903711673,0.0204410973641743,0.0763851533082302,0.0134480903711673,0.0554061323292093,0.0344271113501883,0.0134480903711673,0.0484131253362023,0.0134480903711673,"4859"
"28",0.0170183798502383,0.0258679373723622,0.0435670524166099,0.034717494894486,0.034717494894486,0.0524166099387338,0.0612661674608577,0.034717494894486,0.0170183798502383,0.034717494894486,0.034717494894486,0.034717494894486,0.0258679373723622,0.0258679373723622,0.0258679373723622,0.0170183798502383,0.0789652825051055,0.034717494894486,0.123213070115725,0.034717494894486,0.0435670524166099,0.0612661674608577,0.034717494894486,0.034717494894486,0.0170183798502383,0.0170183798502383,"4583"
"29",0.0278388278388278,0.0183150183150183,0.0183150183150183,0.0278388278388278,0.0278388278388278,0.0659340659340659,0.0278388278388278,0.0183150183150183,0.0183150183150183,0.0373626373626374,0.0278388278388278,0.0468864468864469,0.0183150183150183,0.0278388278388278,0.0278388278388278,0.0373626373626374,0.0278388278388278,0.0183150183150183,0.0278388278388278,0.0278388278388278,0.0183150183150183,0.284981684981685,0.0278388278388278,0.0183150183150183,0.0373626373626374,0.0373626373626374,"4622"
"30",0.0254180602006689,0.0167224080267559,0.0167224080267559,0.0602006688963211,0.0254180602006689,0.0167224080267559,0.0254180602006689,0.0254180602006689,0.0949832775919733,0.0167224080267559,0.0341137123745819,0.0688963210702341,0.042809364548495,0.0341137123745819,0.0167224080267559,0.0602006688963211,0.042809364548495,0.0167224080267559,0.0688963210702341,0.0167224080267559,0.0167224080267559,0.0167224080267559,0.0341137123745819,0.042809364548495,0.103678929765886,0.0602006688963211,"4703"
"31",0.0384615384615385,0.0150240384615385,0.0384615384615385,0.0384615384615385,0.0228365384615385,0.0306490384615385,0.0697115384615385,0.0306490384615385,0.0384615384615385,0.0150240384615385,0.0150240384615385,0.0775240384615385,0.0228365384615385,0.0228365384615385,0.0150240384615385,0.0540865384615385,0.0228365384615385,0.0150240384615385,0.0697115384615385,0.0540865384615385,0.0931490384615385,0.0618990384615385,0.0150240384615385,0.0150240384615385,0.0853365384615385,0.0228365384615385,"4730"
"32",0.0353430353430353,0.0263340263340263,0.0263340263340263,0.0353430353430353,0.0263340263340263,0.0263340263340263,0.0443520443520444,0.0173250173250173,0.0443520443520444,0.0263340263340263,0.0443520443520444,0.0263340263340263,0.0263340263340263,0.0353430353430353,0.0263340263340263,0.0263340263340263,0.143451143451143,0.0713790713790714,0.0353430353430353,0.0443520443520444,0.0443520443520444,0.0263340263340263,0.0443520443520444,0.0173250173250173,0.0173250173250173,0.0623700623700624,"4738"
"33",0.0251989389920424,0.0338196286472149,0.0251989389920424,0.0424403183023873,0.0338196286472149,0.0424403183023873,0.01657824933687,0.0338196286472149,0.01657824933687,0.0338196286472149,0.0683023872679045,0.0424403183023873,0.0251989389920424,0.0251989389920424,0.0338196286472149,0.223474801061008,0.0596816976127321,0.01657824933687,0.0251989389920424,0.01657824933687,0.0251989389920424,0.01657824933687,0.0251989389920424,0.0510610079575597,0.01657824933687,0.0251989389920424,"4751"
"34",0.0544090056285178,0.023921200750469,0.0117260787992495,0.023921200750469,0.0117260787992495,0.0178236397748593,0.023921200750469,0.0117260787992495,0.0178236397748593,0.0117260787992495,0.0300187617260788,0.0422138836772983,0.0361163227016886,0.0544090056285178,0.023921200750469,0.0117260787992495,0.0361163227016886,0.0178236397748593,0.0605065666041276,0.0178236397748593,0.316604127579737,0.0178236397748593,0.0300187617260788,0.0178236397748593,0.0361163227016886,0.0422138836772983,"4800"
"35",0.019040365575019,0.0487433358720487,0.0289413556740289,0.019040365575019,0.0586443259710586,0.0487433358720487,0.0388423457730388,0.0289413556740289,0.019040365575019,0.0388423457730388,0.0586443259710586,0.0388423457730388,0.0289413556740289,0.019040365575019,0.019040365575019,0.019040365575019,0.0586443259710586,0.0388423457730388,0.0982482863670982,0.0289413556740289,0.0685453160700685,0.0487433358720487,0.0388423457730388,0.019040365575019,0.0487433358720487,0.019040365575019,"5829"
"36",0.0265734265734266,0.072027972027972,0.0629370629370629,0.0174825174825175,0.0174825174825175,0.0356643356643357,0.0265734265734266,0.0174825174825175,0.0265734265734266,0.0174825174825175,0.0356643356643357,0.0538461538461538,0.0174825174825175,0.0447552447552448,0.0629370629370629,0.0174825174825175,0.0265734265734266,0.072027972027972,0.0265734265734266,0.0174825174825175,0.0902097902097902,0.0447552447552448,0.0174825174825175,0.0174825174825175,0.108391608391608,0.0265734265734266,"5856"
"37",0.0370009737098345,0.0370009737098345,0.0243427458617332,0.0243427458617332,0.0496592015579357,0.0496592015579357,0.0243427458617332,0.0243427458617332,0.062317429406037,0.0243427458617332,0.0370009737098345,0.0496592015579357,0.0370009737098345,0.0370009737098345,0.0243427458617332,0.0370009737098345,0.0370009737098345,0.112950340798442,0.0370009737098345,0.0370009737098345,0.0370009737098345,0.0243427458617332,0.0243427458617332,0.0496592015579357,0.0243427458617332,0.0370009737098345,"4650"
"38",0.0388423457730388,0.0289413556740289,0.019040365575019,0.0388423457730388,0.0487433358720487,0.0388423457730388,0.0487433358720487,0.0289413556740289,0.0289413556740289,0.019040365575019,0.0982482863670982,0.0685453160700685,0.0784463061690785,0.019040365575019,0.0586443259710586,0.0685453160700685,0.0487433358720487,0.019040365575019,0.019040365575019,0.019040365575019,0.019040365575019,0.019040365575019,0.0487433358720487,0.0388423457730388,0.019040365575019,0.019040365575019,"4579"
"39",0.0370101596516691,0.0370101596516691,0.0370101596516691,0.0181422351233672,0.0275761973875181,0.0841799709724238,0.0275761973875181,0.0275761973875181,0.04644412191582,0.0181422351233672,0.15021770682148,0.0653120464441219,0.0181422351233672,0.0181422351233672,0.0181422351233672,0.0181422351233672,0.0275761973875181,0.0370101596516691,0.121915820029028,0.0275761973875181,0.0275761973875181,0.0275761973875181,0.0181422351233672,0.0181422351233672,0.0181422351233672,0.0275761973875181,"4614"
"40",0.0293040293040293,0.0293040293040293,0.0293040293040293,0.0769230769230769,0.0412087912087912,0.0293040293040293,0.065018315018315,0.0352564102564103,0.0173992673992674,0.100732600732601,0.0531135531135531,0.0114468864468864,0.0233516483516484,0.0293040293040293,0.0471611721611722,0.0173992673992674,0.100732600732601,0.0114468864468864,0.0352564102564103,0.0412087912087912,0.0114468864468864,0.0471611721611722,0.0173992673992674,0.0114468864468864,0.0233516483516484,0.065018315018315,"4627"
"41",0.0359915314043754,0.0176429075511644,0.0359915314043754,0.0176429075511644,0.0268172194777699,0.0176429075511644,0.0268172194777699,0.0268172194777699,0.0359915314043754,0.0268172194777699,0.0176429075511644,0.0359915314043754,0.0268172194777699,0.0726887791107975,0.0359915314043754,0.109386026817219,0.0176429075511644,0.0176429075511644,0.0451658433309809,0.0176429075511644,0.0176429075511644,0.12773465067043,0.0268172194777699,0.0359915314043754,0.0910374029640085,0.0359915314043754,"4682"
"42",0.0510424155283968,0.0183321351545651,0.0697340043134436,0.093098490294752,0.0370237239396118,0.0837526959022286,0.0557153127246585,0.0370237239396118,0.0603882099209202,0.0230050323508267,0.0416966211358735,0.0697340043134436,0.0276779295470884,0.0276779295470884,0.0276779295470884,0.0230050323508267,0.0650611071171819,0.0370237239396118,0.0136592379583034,0.0136592379583034,0.0136592379583034,0.0183321351545651,0.0183321351545651,0.0136592379583034,0.0136592379583034,0.0463695183321352,"4695"
"43",0.0237648530331457,0.0481550969355847,0.0562851782363978,0.0237648530331457,0.145716072545341,0.113195747342089,0.0237648530331457,0.0156347717323327,0.0400250156347717,0.0644152595372108,0.0400250156347717,0.0400250156347717,0.0237648530331457,0.0400250156347717,0.0156347717323327,0.0318949343339587,0.0644152595372108,0.0156347717323327,0.0156347717323327,0.0156347717323327,0.0318949343339587,0.0318949343339587,0.0318949343339587,0.0156347717323327,0.0156347717323327,0.0156347717323327,"4704"
"44",0.0482654600301659,0.0188536953242836,0.0482654600301659,0.0384615384615385,0.107088989441931,0.0482654600301659,0.0482654600301659,0.0384615384615385,0.0384615384615385,0.0482654600301659,0.0188536953242836,0.028657616892911,0.0384615384615385,0.0188536953242836,0.0384615384615385,0.028657616892911,0.0188536953242836,0.0874811463046757,0.0188536953242836,0.028657616892911,0.0188536953242836,0.0188536953242836,0.0384615384615385,0.0384615384615385,0.0384615384615385,0.0384615384615385,"4716"
"45",0.0145687645687646,0.0448717948717949,0.0297202797202797,0.0297202797202797,0.06002331002331,0.0297202797202797,0.0372960372960373,0.0448717948717949,0.0751748251748252,0.0297202797202797,0.0524475524475524,0.0751748251748252,0.0372960372960373,0.0524475524475524,0.0221445221445221,0.0221445221445221,0.0221445221445221,0.0524475524475524,0.0145687645687646,0.0221445221445221,0.0448717948717949,0.0372960372960373,0.0524475524475524,0.0297202797202797,0.0221445221445221,0.0448717948717949,"4733"
"46",0.0365384615384615,0.0240384615384615,0.0240384615384615,0.0240384615384615,0.0365384615384615,0.0490384615384615,0.0490384615384615,0.0490384615384615,0.0365384615384615,0.0240384615384615,0.0365384615384615,0.0490384615384615,0.0240384615384615,0.0365384615384615,0.0240384615384615,0.0240384615384615,0.0365384615384615,0.0240384615384615,0.0365384615384615,0.0240384615384615,0.124038461538462,0.0740384615384615,0.0240384615384615,0.0490384615384615,0.0365384615384615,0.0240384615384615,"4778"
"47",0.0179726815240834,0.0553558590941769,0.0179726815240834,0.0927390366642703,0.0273184759166068,0.0460100647016535,0.0273184759166068,0.0179726815240834,0.0273184759166068,0.0179726815240834,0.0179726815240834,0.0460100647016535,0.0179726815240834,0.0273184759166068,0.0179726815240834,0.0179726815240834,0.0366642703091301,0.0273184759166068,0.176851186196981,0.0460100647016535,0.0179726815240834,0.0273184759166068,0.0179726815240834,0.0273184759166068,0.0366642703091301,0.0927390366642703,"4797"
"48",0.0347985347985348,0.0347985347985348,0.0467032967032967,0.0228937728937729,0.0347985347985348,0.0228937728937729,0.0467032967032967,0.0228937728937729,0.0347985347985348,0.0347985347985348,0.0347985347985348,0.118131868131868,0.0586080586080586,0.0228937728937729,0.0228937728937729,0.0228937728937729,0.0347985347985348,0.0228937728937729,0.141941391941392,0.0347985347985348,0.0228937728937729,0.0228937728937729,0.0228937728937729,0.0228937728937729,0.0228937728937729,0.0347985347985348,"4798"
"49",0.0572450805008945,0.0339892665474061,0.0805008944543828,0.0339892665474061,0.0339892665474061,0.0223613595706619,0.0223613595706619,0.0339892665474061,0.0572450805008945,0.0223613595706619,0.0223613595706619,0.0456171735241503,0.0223613595706619,0.0223613595706619,0.0805008944543828,0.0223613595706619,0.0572450805008945,0.0339892665474061,0.0339892665474061,0.0456171735241503,0.0456171735241503,0.0223613595706619,0.0456171735241503,0.0339892665474061,0.0223613595706619,0.0456171735241503,"4842"
"50",0.0516647531572905,0.0889781859931114,0.0218140068886338,0.0218140068886338,0.126291618828932,0.0292766934557979,0.0143513203214696,0.0442020665901263,0.0516647531572905,0.0516647531572905,0.0665901262916188,0.0292766934557979,0.0516647531572905,0.0143513203214696,0.0218140068886338,0.0292766934557979,0.0292766934557979,0.0143513203214696,0.0218140068886338,0.0143513203214696,0.0218140068886338,0.0367393800229621,0.074052812858783,0.0143513203214696,0.0292766934557979,0.0292766934557979,"5835"
"51",0.249674054758801,0.0378096479791395,0.0378096479791395,0.0123859191655802,0.00814863102998696,0.0462842242503259,0.0166232073011734,0.0547588005215124,0.00814863102998696,0.0674706649282921,0.0166232073011734,0.0208604954367666,0.0505215123859192,0.0505215123859192,0.00814863102998696,0.0462842242503259,0.0335723598435463,0.0462842242503259,0.0123859191655802,0.0293350717079531,0.0335723598435463,0.0208604954367666,0.0208604954367666,0.0166232073011734,0.0335723598435463,0.0208604954367666,"5867"
"52",0.063514467184192,0.0451658433309809,0.0176429075511644,0.0726887791107975,0.0268172194777699,0.0359915314043754,0.0359915314043754,0.0268172194777699,0.0359915314043754,0.0176429075511644,0.0176429075511644,0.0451658433309809,0.0910374029640085,0.0543401552575865,0.0268172194777699,0.0359915314043754,0.0176429075511644,0.0176429075511644,0.0176429075511644,0.0359915314043754,0.063514467184192,0.0543401552575865,0.0176429075511644,0.0176429075511644,0.0451658433309809,0.063514467184192,"4563"
"53",0.0239596469104666,0.0403530895334174,0.0485498108448928,0.032156368221942,0.032156368221942,0.0567465321563682,0.0485498108448928,0.0567465321563682,0.0239596469104666,0.0157629255989912,0.0649432534678436,0.0157629255989912,0.0157629255989912,0.032156368221942,0.0239596469104666,0.105926860025221,0.0157629255989912,0.0239596469104666,0.032156368221942,0.0403530895334174,0.032156368221942,0.0649432534678436,0.0157629255989912,0.0239596469104666,0.0977301387137453,0.0157629255989912,"4608"
"54",0.0209030100334448,0.0317725752508361,0.0317725752508361,0.0209030100334448,0.183946488294314,0.107859531772575,0.0209030100334448,0.0209030100334448,0.0209030100334448,0.0209030100334448,0.0317725752508361,0.0426421404682274,0.0209030100334448,0.0317725752508361,0.0209030100334448,0.0317725752508361,0.0426421404682274,0.0535117056856187,0.0209030100334448,0.06438127090301,0.0209030100334448,0.0317725752508361,0.0317725752508361,0.0209030100334448,0.0317725752508361,0.0209030100334448,"4619"
"55",0.0206782464846981,0.0636889991728701,0.0529363110008271,0.0636889991728701,0.0314309346567411,0.0314309346567411,0.0421836228287841,0.0744416873449132,0.0421836228287841,0.0206782464846981,0.0206782464846981,0.0636889991728701,0.0206782464846981,0.0314309346567411,0.0421836228287841,0.0206782464846981,0.0314309346567411,0.0314309346567411,0.0206782464846981,0.0314309346567411,0.0314309346567411,0.0529363110008271,0.0314309346567411,0.0206782464846981,0.0529363110008271,0.0529363110008271,"4628"
"56",0.0423693953105718,0.0423693953105718,0.020979020979021,0.0530645824763472,0.229535170711641,0.020979020979021,0.0423693953105718,0.020979020979021,0.0691073632250103,0.0316742081447964,0.0156314273961333,0.0263266145619087,0.0263266145619087,0.020979020979021,0.0156314273961333,0.0263266145619087,0.0316742081447964,0.0156314273961333,0.0477169888934595,0.0316742081447964,0.020979020979021,0.0263266145619087,0.0530645824763472,0.020979020979021,0.0102838338132456,0.0370218017276841,"4815"
"57",0.0192307692307692,0.0192307692307692,0.0392307692307692,0.0592307692307692,0.0292307692307692,0.0392307692307692,0.0392307692307692,0.0292307692307692,0.0392307692307692,0.0292307692307692,0.159230769230769,0.0392307692307692,0.0292307692307692,0.0192307692307692,0.0192307692307692,0.0592307692307692,0.0192307692307692,0.0292307692307692,0.0792307692307692,0.0192307692307692,0.0192307692307692,0.0292307692307692,0.0492307692307692,0.0292307692307692,0.0292307692307692,0.0292307692307692,"5850"
"58",0.0649432534678436,0.0485498108448928,0.032156368221942,0.0403530895334174,0.0157629255989912,0.0157629255989912,0.114123581336696,0.0731399747793191,0.032156368221942,0.0403530895334174,0.0157629255989912,0.0567465321563682,0.0403530895334174,0.0649432534678436,0.0157629255989912,0.0157629255989912,0.0403530895334174,0.032156368221942,0.0157629255989912,0.0403530895334174,0.0239596469104666,0.0485498108448928,0.032156368221942,0.032156368221942,0.032156368221942,0.0157629255989912,"5855"
"59",0.0975274725274725,0.0171703296703297,0.043956043956044,0.0528846153846154,0.0350274725274725,0.0528846153846154,0.0350274725274725,0.0618131868131868,0.043956043956044,0.0260989010989011,0.0260989010989011,0.0528846153846154,0.0260989010989011,0.0171703296703297,0.0171703296703297,0.0260989010989011,0.0171703296703297,0.0171703296703297,0.115384615384615,0.043956043956044,0.0350274725274725,0.0350274725274725,0.0171703296703297,0.0260989010989011,0.0350274725274725,0.0260989010989011,"4615"
"60",0.0243589743589744,0.041025641025641,0.0243589743589744,0.091025641025641,0.0326923076923077,0.016025641025641,0.0243589743589744,0.041025641025641,0.016025641025641,0.066025641025641,0.0243589743589744,0.0326923076923077,0.016025641025641,0.0326923076923077,0.0326923076923077,0.0326923076923077,0.0493589743589744,0.174358974358974,0.016025641025641,0.041025641025641,0.0493589743589744,0.041025641025641,0.0243589743589744,0.0243589743589744,0.016025641025641,0.016025641025641,"4588"
"61",0.027823240589198,0.0420076377523186,0.0632842334969995,0.0207310420076378,0.027823240589198,0.027823240589198,0.0136388434260775,0.0561920349154392,0.0420076377523186,0.027823240589198,0.0632842334969995,0.0207310420076378,0.0632842334969995,0.0207310420076378,0.0207310420076378,0.027823240589198,0.0703764320785597,0.027823240589198,0.0632842334969995,0.0490998363338789,0.0136388434260775,0.0207310420076378,0.0561920349154392,0.0349154391707583,0.0561920349154392,0.0420076377523186,"5854"
"62",0.0209030100334448,0.0209030100334448,0.0317725752508361,0.0317725752508361,0.0209030100334448,0.06438127090301,0.0426421404682274,0.0535117056856187,0.0426421404682274,0.0535117056856187,0.0317725752508361,0.0317725752508361,0.0317725752508361,0.0535117056856187,0.0209030100334448,0.0535117056856187,0.0861204013377926,0.0317725752508361,0.0317725752508361,0.0209030100334448,0.0317725752508361,0.0209030100334448,0.06438127090301,0.0426421404682274,0.0209030100334448,0.0426421404682274,"4861"
"63",0.0301775147928994,0.0301775147928994,0.0378698224852071,0.0224852071005917,0.014792899408284,0.0378698224852071,0.0455621301775148,0.014792899408284,0.0455621301775148,0.0224852071005917,0.0378698224852071,0.0224852071005917,0.014792899408284,0.0378698224852071,0.0455621301775148,0.122485207100592,0.0301775147928994,0.0224852071005917,0.0917159763313609,0.0301775147928994,0.0224852071005917,0.0224852071005917,0.0532544378698225,0.014792899408284,0.0840236686390533,0.0455621301775148,"5832"
"64",0.0397022332506203,0.0961538461538462,0.0235732009925558,0.0316377171215881,0.0638957816377171,0.0155086848635236,0.0155086848635236,0.0155086848635236,0.120347394540943,0.0235732009925558,0.0235732009925558,0.0316377171215881,0.0235732009925558,0.0235732009925558,0.0155086848635236,0.0316377171215881,0.0397022332506203,0.0719602977667494,0.0235732009925558,0.0800248138957816,0.0397022332506203,0.0235732009925558,0.0719602977667494,0.0155086848635236,0.0155086848635236,0.0235732009925558,"5845"
"65",0.0176429075511644,0.0268172194777699,0.136908962597036,0.0268172194777699,0.0176429075511644,0.0268172194777699,0.0176429075511644,0.063514467184192,0.0176429075511644,0.0176429075511644,0.0268172194777699,0.063514467184192,0.0268172194777699,0.063514467184192,0.0176429075511644,0.0359915314043754,0.0451658433309809,0.0268172194777699,0.0268172194777699,0.0268172194777699,0.0176429075511644,0.0451658433309809,0.0268172194777699,0.0268172194777699,0.100211714890614,0.0543401552575865,"5847"
"66",0.0575056011949216,0.0283793876026886,0.0186706497386109,0.0283793876026886,0.0380881254667662,0.0380881254667662,0.0186706497386109,0.0283793876026886,0.0186706497386109,0.0283793876026886,0.0283793876026886,0.0477968633308439,0.0477968633308439,0.0380881254667662,0.0283793876026886,0.0186706497386109,0.0283793876026886,0.0186706497386109,0.0380881254667662,0.0283793876026886,0.0477968633308439,0.144884241971621,0.0477968633308439,0.0186706497386109,0.0963405526512323,0.0186706497386109,"4573"
"67",0.0301348136399683,0.0404440919904837,0.0301348136399683,0.0198255352894528,0.0301348136399683,0.0198255352894528,0.0507533703409992,0.0301348136399683,0.0301348136399683,0.0301348136399683,0.0198255352894528,0.0301348136399683,0.0301348136399683,0.0404440919904837,0.0610626486915147,0.0404440919904837,0.0301348136399683,0.0404440919904837,0.153846153846154,0.0198255352894528,0.0404440919904837,0.0301348136399683,0.0301348136399683,0.0404440919904837,0.0610626486915147,0.0198255352894528,"4599"
"68",0.0198255352894528,0.0198255352894528,0.0301348136399683,0.0301348136399683,0.0198255352894528,0.0301348136399683,0.0507533703409992,0.0198255352894528,0.0301348136399683,0.0919904837430611,0.0301348136399683,0.0816812053925456,0.0301348136399683,0.0301348136399683,0.0507533703409992,0.0404440919904837,0.0301348136399683,0.0198255352894528,0.0198255352894528,0.0198255352894528,0.102299762093577,0.0404440919904837,0.0404440919904837,0.0198255352894528,0.0816812053925456,0.0198255352894528,"4643"
"69",0.0185050798258345,0.0279390420899855,0.032656023222061,0.0185050798258345,0.0562409288824383,0.0137880986937591,0.0468069666182874,0.0609579100145138,0.0137880986937591,0.0703918722786647,0.032656023222061,0.0468069666182874,0.0090711175616836,0.0137880986937591,0.02322206095791,0.0090711175616836,0.0468069666182874,0.0562409288824383,0.0468069666182874,0.131712626995646,0.103410740203193,0.0090711175616836,0.0137880986937591,0.0137880986937591,0.0751088534107402,0.0090711175616836,"4801"
"70",0.034965034965035,0.0450660450660451,0.0248640248640249,0.0299145299145299,0.171328671328671,0.0804195804195804,0.0501165501165501,0.04001554001554,0.0198135198135198,0.0450660450660451,0.0501165501165501,0.0501165501165501,0.0299145299145299,0.0450660450660451,0.00971250971250971,0.0147630147630148,0.0198135198135198,0.034965034965035,0.0551670551670552,0.0147630147630148,0.0147630147630148,0.00971250971250971,0.0299145299145299,0.0147630147630148,0.0198135198135198,0.0450660450660451,"5834"
"71",0.0331564986737401,0.0331564986737401,0.0331564986737401,0.0331564986737401,0.0331564986737401,0.0331564986737401,0.0331564986737401,0.0331564986737401,0.0503978779840849,0.0503978779840849,0.0331564986737401,0.0676392572944297,0.0331564986737401,0.0331564986737401,0.0331564986737401,0.0331564986737401,0.0331564986737401,0.0331564986737401,0.0331564986737401,0.0331564986737401,0.0331564986737401,0.0331564986737401,0.0503978779840849,0.0331564986737401,0.0331564986737401,0.0848806366047745,"4621"
"72",0.0360873694207028,0.0237416904083571,0.0360873694207028,0.0484330484330484,0.0360873694207028,0.0607787274453941,0.0731244064577398,0.0237416904083571,0.0237416904083571,0.0237416904083571,0.0237416904083571,0.0360873694207028,0.0854700854700855,0.0484330484330484,0.0607787274453941,0.0237416904083571,0.0360873694207028,0.0360873694207028,0.0237416904083571,0.0237416904083571,0.0237416904083571,0.0360873694207028,0.0237416904083571,0.0237416904083571,0.0237416904083571,0.0854700854700855,"4623"
"73",0.0246734397677794,0.0120948234155781,0.0686985970004838,0.0120948234155781,0.0120948234155781,0.03096274794388,0.0183841315916788,0.0120948234155781,0.0435413642960813,0.0183841315916788,0.0372520561199806,0.0686985970004838,0.181906144170295,0.0120948234155781,0.0561199806482825,0.0183841315916788,0.0183841315916788,0.0120948234155781,0.03096274794388,0.0372520561199806,0.0246734397677794,0.0246734397677794,0.0875665215287857,0.0183841315916788,0.0246734397677794,0.0938558297048863,"4677"
"74",0.0183150183150183,0.0183150183150183,0.0373626373626374,0.0373626373626374,0.0183150183150183,0.0183150183150183,0.0278388278388278,0.0468864468864469,0.0659340659340659,0.0373626373626374,0.0564102564102564,0.0183150183150183,0.0754578754578755,0.0278388278388278,0.0564102564102564,0.0278388278388278,0.0373626373626374,0.0278388278388278,0.0183150183150183,0.0468864468864469,0.0373626373626374,0.0183150183150183,0.0373626373626374,0.0183150183150183,0.0278388278388278,0.142124542124542,"4829"
"75",0.017913593256059,0.0224798033017211,0.0361784334387074,0.0224798033017211,0.0224798033017211,0.0361784334387074,0.0270460133473832,0.0133473832103969,0.00878117316473481,0.017913593256059,0.0133473832103969,0.0133473832103969,0.0955391640323147,0.00878117316473481,0.0544432736213558,0.00878117316473481,0.0133473832103969,0.0224798033017211,0.0133473832103969,0.017913593256059,0.017913593256059,0.00878117316473481,0.0361784334387074,0.00878117316473481,0.0133473832103969,0.428872497365648,"4832"
"76",0.032967032967033,0.032967032967033,0.0833872010342599,0.0497737556561086,0.0245636716224952,0.0245636716224952,0.0413703943115708,0.032967032967033,0.032967032967033,0.0245636716224952,0.0497737556561086,0.0497737556561086,0.0581771170006464,0.0161603102779573,0.0161603102779573,0.032967032967033,0.0245636716224952,0.142210730446025,0.0413703943115708,0.0413703943115708,0.0245636716224952,0.0413703943115708,0.0161603102779573,0.032967032967033,0.0161603102779573,0.0161603102779573,"4845"
"77",0.0210293303818484,0.0354178195904815,0.0354178195904815,0.0354178195904815,0.0210293303818484,0.0138350857775318,0.0138350857775318,0.0354178195904815,0.0210293303818484,0.0210293303818484,0.0210293303818484,0.0282235749861649,0.0210293303818484,0.0282235749861649,0.0354178195904815,0.042612064194798,0.0354178195904815,0.287216380741561,0.0282235749861649,0.0498063087991146,0.0282235749861649,0.0210293303818484,0.042612064194798,0.0282235749861649,0.0210293303818484,0.0282235749861649,"4651"
"78",0.0269020596889449,0.0105086170659941,0.0269020596889449,0.021437578814628,0.0651534258091635,0.0378310214375788,0.021437578814628,0.021437578814628,0.0487599831862127,0.0269020596889449,0.0105086170659941,0.0105086170659941,0.0269020596889449,0.0487599831862127,0.0870113493064313,0.0378310214375788,0.12526271542665,0.0596889449348466,0.0432955023118958,0.0924758301807482,0.021437578814628,0.0105086170659941,0.0269020596889449,0.0378310214375788,0.021437578814628,0.0323665405632619,"5851"
"79",0.0727954971857411,0.0484052532833021,0.0727954971857411,0.0581613508442777,0.0776735459662289,0.0386491557223265,0.024015009380863,0.0142589118198874,0.0288930581613508,0.0386491557223265,0.0874296435272045,0.0484052532833021,0.0337711069418387,0.0679174484052533,0.0386491557223265,0.0191369606003752,0.0532833020637899,0.0386491557223265,0.00938086303939963,0.024015009380863,0.0191369606003752,0.00938086303939963,0.0142589118198874,0.024015009380863,0.024015009380863,0.0142589118198874,"4714"
